573.9364427212987 1
574.6471410227147 5
575.3578393241306 5
576.0685376255466 3
576.7792359269625 5
577.4899342283784 8
578.2006325297943 10
578.9113308312103 11
579.6220291326263 13
580.3327274340422 16
581.0434257354582 25
581.7541240368741 26
582.4648223382901 31
583.1755206397061 41
583.8862189411219 44
584.5969172425379 65
585.3076155439538 51
586.0183138453698 71
586.7290121467857 83
587.4397104482017 80
588.1504087496177 106
588.8611070510336 97
589.5718053524496 112
590.2825036538654 107
590.9932019552814 107
591.7039002566974 132
592.4145985581133 122
593.1252968595293 152
593.8359951609452 158
594.5466934623612 159
595.2573917637772 138
595.9680900651931 160
596.678788366609 157
597.3894866680249 163
598.1001849694409 137
598.8108832708568 167
599.5215815722728 176
600.2322798736888 161
600.9429781751047 180
601.6536764765207 144
602.3643747779366 175
603.0750730793525 162
603.7857713807684 166
604.4964696821844 162
605.2071679836004 145
605.9178662850163 153
606.6285645864323 141
607.3392628878482 138
608.0499611892642 118
608.7606594906802 133
609.4713577920961 94
610.182056093512 112
610.8927543949279 100
611.6034526963439 107
612.3141509977598 81
613.0248492991758 86
613.7355476005918 83
614.4462459020077 85
615.1569442034237 71
615.8676425048395 72
616.5783408062555 48
617.2890391076714 66
617.9997374090874 49
618.7104357105034 50
619.4211340119193 39
620.1318323133353 31
620.8425306147512 47
621.5532289161672 40
622.2639272175832 32
622.974625518999 28
623.685323820415 32
624.3960221218309 26
625.1067204232469 18
625.8174187246628 22
626.5281170260788 9
627.2388153274948 20
627.9495136289107 5
628.6602119303266 18
629.3709102317425 10
630.0816085331585 4
630.7923068345744 13
631.5030051359904 5
632.2137034374064 4
632.9244017388223 10
633.6351000402383 8
634.3457983416542 4
635.0564966430702 5
635.767194944486 0
636.477893245902 3
637.188591547318 1
637.8992898487339 2
638.6099881501499 1
639.3206864515658 1
640.0313847529818 3
640.7420830543978 1
641.4527813558136 1
642.1634796572296 1
642.8741779586455 1
643.5848762600615 0
644.2955745614775 2
