572.5229696051957 1
573.2542105867196 0
573.9854515682434 0
574.7166925497673 0
575.4479335312913 2
576.1791745128152 1
576.910415494339 0
577.6416564758629 4
578.3728974573868 3
579.1041384389107 7
579.8353794204345 8
580.5666204019584 15
581.2978613834823 17
582.0291023650061 17
582.76034334653 25
583.4915843280539 43
584.2228253095778 34
584.9540662911016 34
585.6853072726256 69
586.4165482541495 51
587.1477892356734 70
587.8790302171972 97
588.6102711987211 93
589.341512180245 114
590.0727531617689 125
590.8039941432927 124
591.5352351248166 134
592.2664761063405 136
592.9977170878643 125
593.7289580693882 144
594.4601990509121 157
595.191440032436 159
595.9226810139598 131
596.6539219954838 124
597.3851629770077 146
598.1164039585316 131
598.8476449400554 139
599.5788859215793 137
600.3101269031032 136
601.0413678846271 124
601.7726088661509 116
602.5038498476748 115
603.2350908291987 97
603.9663318107225 110
604.6975727922464 110
605.4288137737703 90
606.1600547552943 79
606.891295736818 83
607.622536718342 92
608.3537776998659 78
609.0850186813898 68
609.8162596629136 69
610.5475006444375 64
611.2787416259614 76
612.0099826074852 64
612.7412235890091 52
613.472464570533 38
614.2037055520569 49
614.9349465335807 41
615.6661875151046 49
616.3974284966285 42
617.1286694781525 39
617.8599104596763 26
618.5911514412002 23
619.3223924227241 30
620.0536334042479 25
620.7848743857718 19
621.5161153672957 22
622.2473563488196 14
622.9785973303434 17
623.7098383118673 13
624.4410792933912 21
625.1723202749151 12
625.9035612564389 9
626.6348022379628 3
627.3660432194868 9
628.0972842010106 8
628.8285251825345 5
629.5597661640584 12
630.2910071455823 7
631.0222481271061 3
631.75348910863 4
632.4847300901539 5
633.2159710716778 2
633.9472120532016 2
634.6784530347255 1
635.4096940162494 1
636.1409349977733 4
636.8721759792971 3
637.603416960821 2
638.334657942345 2
639.0658989238689 1
639.7971399053927 1
640.5283808869166 1
641.2596218684405 0
641.9908628499643 2
642.7221038314882 0
643.4533448130121 1
644.184585794536 0
644.9158267760598 1
